6.000000000000000000e+00 7.244179477784737364e-02 7.730795009174885879e-02
8.000000000000000000e+00 6.624226882971376296e-02 5.122678453224104034e-02
1.000000000000000000e+01 7.045487981187863180e-02 4.849309014315889010e-02
1.200000000000000000e+01 7.200423112755738320e-02 4.840840706464363818e-02
1.400000000000000000e+01 5.879486154863173414e-02 4.199195015669265202e-02
1.600000000000000000e+01 4.895090179538223729e-02 5.021235308367243827e-02
1.800000000000000000e+01 4.063178334612898429e-02 5.066470986143215005e-02
2.000000000000000000e+01 2.687881869485414868e-02 3.870712356398055276e-02
2.200000000000000000e+01 1.679294877723135418e-02 3.090722481011184269e-02
2.400000000000000000e+01 1.084795190360548882e-02 2.575959318814150315e-02
2.600000000000000000e+01 6.111163111966850039e-03 2.008926837360827319e-02
2.800000000000000000e+01 2.635383774005376541e-03 1.162031991464525411e-02
3.000000000000000000e+01 3.490208279431326888e-03 1.616143654232255616e-02
3.200000000000000000e+01 3.189805360820655456e-03 1.800260788902149564e-02
3.400000000000000000e+01 3.111267501851275080e-04 4.145199884653609501e-03
3.600000000000000000e+01 1.327488808719446919e-04 2.454486416459744375e-03
3.800000000000000000e+01 5.084256679976764182e-05 1.143571743236085217e-03
4.000000000000000000e+01 1.501887810171507662e-05 1.943267032168039974e-04
4.200000000000000000e+01 1.702790032429620654e-05 3.777807803812314015e-04
4.400000000000000000e+01 6.233884662268659572e-06 9.400618529354920212e-05
